5344 2182 3
([0, 255, 255],[0, 255, 255]), #1
([122, 245, 252],[122, 245, 252]), #2
([164, 160, 160],[164, 160, 160]), #3
([254, 160, 240],[254, 160, 240]), #4
([64, 224, 255],[64, 224, 255]), #5
([255, 153, 0],[255, 153, 0]), #6
([255, 255, 153],[255, 255, 153]), #7
([192, 64, 64],[192, 64, 64]), #8
([64, 64, 64],[64, 64, 64]), #9
([128, 64, 128],[128, 64, 128]), #10
([64, 0, 128],[64, 0, 128]), #11
([0, 160, 224],[0, 160, 224]), #12
([192, 0, 128],[192, 0, 128]), #13
([64, 160, 160],[64, 160, 160]), #14
([0, 64, 128],[0, 64, 128]), #15
([0, 0, 64],[0, 0, 64]), #16
([255, 255, 255],[255, 255, 255]), #17
([204, 102, 102],[204, 102, 102]), #18
([0, 192, 192],[0, 192, 192]), #19
([192, 192, 128],[192, 192, 128]), #20
([51, 102, 204],[51, 102, 204]), #21
([255, 204, 153],[255, 204, 153]), #22
([0, 0, 255],[0, 0, 255]), #23
([0, 128, 255],[0, 128, 255]), #24
([64, 192, 255],[64, 192, 255]), #25
([0, 0, 192],[0, 0, 192]), #26
([255, 64, 0],[255, 64, 0]), #27
([65, 1, 130],[65, 1, 130]), #28
([204, 204, 0],[204, 204, 0]), #29
([128, 128, 128],[128, 128, 128]), #30
([0, 128, 224],[0, 128, 224]), #31
([0, 224, 0],[0, 224, 0]), #32
([192, 160, 0],[192, 160, 0]), #33
([64, 224, 64],[64, 224, 64]), #34
([0, 51, 153],[0, 51, 153]), #35
([192, 192, 0],[192, 192, 0]), #36
([0, 64, 192],[0, 64, 192]), #37
([0, 255, 192],[0, 255, 192]), #38
([255, 153, 102],[255, 153, 102]), #39
([204, 153, 0],[204, 153, 0]), #40
([204, 255, 153],[204, 255, 153]), #41
([255, 153, 153],[255, 153, 153]), #42
([64, 255, 255],[64, 255, 255]), #43
([19, 233, 238],[19, 233, 238]), #44
([102, 102, 204],[102, 102, 204]), #45
([255, 102, 0],[255, 102, 0]), #46
([255, 161, 161],[255, 161, 161]), #47
([0, 51, 102],[0, 51, 102]), #48
([192, 192, 192],[192, 192, 192]), #49
([192, 160, 255],[192, 160, 255]), #50
([255, 204, 0],[255, 204, 0]), #51
([64, 255, 64],[64, 255, 64]), #52
([255, 192, 255],[255, 192, 255]), #53
([64, 192, 128],[64, 192, 128]), #54
([64, 192, 0],[64, 192, 0]), #55
([0, 0, 128],[0, 0, 128]), #56
([0, 0, 0],[0, 0, 0]), #57
([64, 0, 192],[64, 0, 192]), #58
([192, 0, 192],[192, 0, 192]), #59
([64, 128, 64],[64, 128, 64]), #60
([193, 193, 129],[193, 193, 129]), #61
([204, 255, 51],[204, 255, 51]), #62
([192, 255, 160],[192, 255, 160]), #63
([64, 192, 64],[64, 192, 64]), #64
([0, 128, 128],[0, 128, 128]), #65
([192, 0, 255],[192, 0, 255]), #66
([255, 255, 102],[255, 255, 102]), #67
([64, 128, 255],[64, 128, 255]), #68
([255, 64, 64],[255, 64, 64]), #69
([189, 255, 255],[189, 255, 255]), #70
([224, 224, 224],[224, 224, 224]), #71
([128, 224, 192],[128, 224, 192]), #72
([0, 128, 160],[0, 128, 160]), #73
([192, 160, 192],[192, 160, 192]), #74
([128, 0, 160],[128, 0, 160]), #75
([64, 192, 160],[64, 192, 160]), #76
([192, 128, 64],[192, 128, 64]), #77
([96, 96, 96],[96, 96, 96]), #78
([192, 160, 64],[192, 160, 64]), #79
([192, 255, 64],[192, 255, 64]), #80
([0, 224, 224],[0, 224, 224]), #81
